35471902
35981526
33159087
35105876
36922600
39843423
39553973
30401872
34047275
26972323
39554067
33723258
39974884
39651270
39005382
23055826
38048452
26674328
20485484
28898631
33275100
32994345
22398551
31612861
24700848
25139958
21458663
32338251
21068820
26778610
26350701
28165325
27031785
26140589
25497434
39888881
38456840
26241137
28081755
29625047
28556778
21549951
35867663
23326643
33635271
22720681
34375595
25139957
33860762
31913122
25375200
36409070
27842640
28562604
31063134
24559667
30790533
26080004
22794255
29943732
25537193
20434992
31112128
25033173
24507184
29614291
24937284
35858366
24355782
24991949
23972590
35349817
33030427
32693074
28441561
26406362
34696825
24156814
21172604
21817013
25654249
22116028
30889389
21685919
23083729
23200990
31570569
29444072
38436656
30917116
35271315
26293964
22678360
38106047
21836017
21694704
24675961
22461610
26494171
21700877
25103406
38979985
30467170
24503853
26785491
24292624
21903815
35618728
29622651
21654803
23542692
22422983
23559253
25264253
34762476
19966787
21385718
23430653
23394833
25454784
20471270
34516839
28473588
24462004
27516603
28392112
20148037
25549104
23222543
20206526
34507985
37347862
20541410
38511428
20797863
32165583
24055154
21514159
22425157
36909471
22343891
23850280
20098414
22658601
21085119
39660407
26917772
20346676
23263180
20364123
25557664
20362449
32294446
28860380
22139422
25285450
26549258
23707427
27020741
20797533
25754640
23563579
26586188
24631243
39484542
35696584
20171104
20237474
25702577
22658595
37961693
29166600
28468811
21549599
22981774
20096587
22727703
24582961
37066993
20541409
24920835
22137475
21938067
23103187
22177905
20691595
21637258
28167805
21276726
36469774
24746814
24412365
22959350
22425153
27161501
29069593
21530258
26102525
25447998
28793250
26687223
22365543
28122234
28190726
21407209
22544313
35503912
27568592
20671708
24035392
25263556
26234214
25654255
31488722
24811378
26725200
27828941
25619767
23615618
30705188
28435883
37961403
26568519
29915051
28285999
24744368
26402604
22542180
24746793
28953869
25959962
30775434
23522040
22813737
31043568
39206682
27829142
24832154
35452331
25754635
25728694
23652013
34282017
31659046
22137471
39574700
23783519
28621663
21871804
28636933
27974202
35082150
25484300
37267358
22407321
20637624
36993333
34516840
38948726
27619503
27705783
20471351
36711924
27916456
35914137
39752484
39976165
34362730
37333230
20844536
29339481
29273756
20696376
39554021
27021213
27545887
20826308
25807033
31799390
24507191
21145742
22425998
36778312
26601299
38765964
25262493
28826476
27397890
27749829
36577058
20305716
26308899
38979352
29133786
29874575
22343898
25131671
28585564
23612302
19966842
26568264
38553438
36417522
22531175
23770187
28634323
27641708
39145936
39386551
24268416
26178754
35700362
24267895
22427741
28128210
39763719
38838021
36454751
23770185
34215693
22842903
22051675
26585279
22426000
30894743
37179392
36865134
21874015
21983964
36909552
26635273
27783939
21179090
36071059
38014334
30404917
26864722
23719381
33911283
39896546
22940472
23172146
29276056
26123524
23022067
22343900
39413128
31353186
29491443
20493701
39042693
37786713
23217741
36095217
23932121
37036995
23972600
35312357
35914128
26526372
37549285
25316291
37226998
24241395
23455608
23783889
39026689
30120247
24107996
24684937
25171415
34737269
24881879
22940468
38498719
36920921
35031566
23748445
26096977
20045325
33473212
22405204
25702582
34880130
35239393
34352215
30788439
38895419
39868166
25974217
21074052
33947817
25043016
33028524
26686642
23478023
23541733
29706585
37428930
29880831
28077877
38979180
33141025
28674010
35263128
27498566
27264607
26437877
20619819
29440493
24725412
27818173
23666178
39149321
37225684
37905096
24768048
35113693
28819196
31792184
36289333
26008989
33057197
30726729
27273569
26774481
31681838
28094789
22704990
37292829
32001689
21335241
37428902
26073942
21458672
27050508
26656654
33980485
22658598
37463208
26888436
20826312
31628310
29212040
21885285
21906949
22000105
33523916
32931755
21378971
31201326
30278045
36778487
34561451
32188855
32494711
28756955
35193959
24560571
22706267
25263554
29526461
38045358
38588427
29992947
19966839
37961302
28585544
27151460
23455423
25921541
32142699
34244444
38536919
26893070
27647497
39605702
23299893
20808769
29117553
28580965
31928869
35412912
25455031
36516241
31607538
23063131
38442160
23652004
23933751
28052247
23783517
39282315
27068465
25220056
22018542
25087594
34911758
26119341
35298337
35058357
33980491
22078885
30057202
38079545
21689602
29444420
25754641
20223202
37683005
26276633
25866135
37252950
20975667
33288763
37549261
34737278
29083306
36758544
25754644
20010822
23178127
28954223
39847335
33758182
25959729
22632976
30185559
30631066
26456048
23690751
27148744
23925240
36812309
35622889
27568554
31666321
22304923
35294287
29259197
26074141
20422037
31708391
24074864
33523854
35046029
24089210
35022402
27720485
29662074
29158481
31748267
29739890
33468672
39298485
38096410
24685136
25739506
28658618
31091441
29507232
20381137
36608133
23103192
30086130
28834749
25754646
33770490
30413688
25456135
34478644
23352168
30348793
27477513
24094110
23063130
24794442
39495910
39282366
30783089
23972598
27146270
24095734
25961792
38876988
26771490
27524482
28273459
34183412
23021220
22578504
25952406
26655902
24507194
27212237
28393873
36480601
31332373
39314321
25574898
32559450
38405730
23332748
39008673
35969763
27479324
29180783
32467161
23217717
30659150
24183014
25913403
26456832
33730583
25557079
20869596
33793547
22632728
26237362
33479181
28744001
26919434
31309148
35969789
29120418
28658211
29742428
25144244
31582524
24210908
39868209
31113955
25594180
34408325
27263969
23624514
21186359
31064979
27710784
24995978
28489826
28736172
25622533
26051423
34837071
38753511
24440396
26653853
31399572
22681692
28719603
27112495
38568969
22832161
34845010
35512697
25354199
28250408
38464028
27806374
37961457
27731314
25014658
29809156
38412134
30348941
28445733
28748922
28099851
33296680
35091473
31182867
21482352
23764288
36322725
36442117
28102207
26455303
23750116
27779189
26674493
29255026
32221286
30853438
32169212
25521377
35286204
26074004
25741728
37961285
30654923
31591396
24012754
39234635
27126188
36067320
29281828
25066085
24464041
30218051
38408233
24814535
25809405
36170200
32989137
26387716
26138272
23498974
21497088
35926038
29490272
38370694
26423004
27426513
25704950
22901804
39793084
32747566
26216041
24631345
25971509
31206020
24012004
31155354
33397924
29414942
26416731
24362761
32792493
25521378
28199838
23719164
29343728
28555616
23395371
38917005
30174187
28754889
25451195
37558871
38328135
26687359
37831742
39253494
26439528
24314729
37961108
28894090
27901468
29606421
28683315
27593375
37808781
27656904
31131327
38081900
32303656
24710176
29795225
26279475
34903750
35217610
34233178
22920257
27478019
23300382
31645735
25199830
26844831
38168373
31056390
26844835
23973209
27889096
24012005
27974164
38562788
23177958
24012007
36608130
36347251
24412417
38086418
22196332
37487086
23602499
34588695
29337081
28199840
37461640
27426516
30038280
27045608
32668249
21835342
26308891
30184488
30554904
39951523
29719243
25848677
22243748
22099462
34851664
23664613
38106147
38081827
37693448
38496661
24560702
37428907
24439378
20435004
23863808
20920789
23439121
28793261
22153371
23849197
28366741
27091402
34078905
25864636
37645872
27732848
38014140
35417715
27263975
38328044
27681427
23849199
22243747
24991960
37938101
35780140
38198547
29642019
39974999
22426252
33288705
30089274
35048987
34257279
32690967
23764287
25501037
27144354
30853433
26590346
26876166
25959734
34965425
20832311
34011945
26928023
22542187
25043419
30139843
31453329
23892553
32195354
20869599
26853303
28017472
25970246
27740908
31784536
21068831
24462039
30356215
22920254
27409813
27068460
30902980
39231215
24411734
21145002
24561998
25739502
29996096
24141312
39422060
21283833
37398393
36813962
36731464
27924867
37693540
28538731
39253469
33122439
31015407
37821426
36535958
24462095
29311742
29779871
26138142
31308381
26644070
22500634
28756946
32770059
20139975
24012006
34279222
27427461
38293088
36103534
23791198
30135566
27841259
31668626
39314399
29742423
38478605
30021151
33106424
23055825
31147540
39149363
29884811
28117664
40027615
35981537
25640076
25732830
26387958
23083740
31548400
28978466
26365767
21262465
33667373
37693578
28366740
21315258
36893758
39314403
35581185
25569348
21217763
40052673
31757972
21124886
25033182
26573328
25451193
27296646
35508541
39397575
29091768
38826334
23063363
25741726
26586183
30242155
22017990
32409639
36054358
38252824
33762336
35985328
35446620
30305625
33093442
37163061
37905128
37733736
23889932
38383614
29895891
36865229
20670829
30353006
34140480
37808853
31375669
33597246
38396085
31735672
30860988
25362474
35867795
27212238
30629594
27687129
37934669
29702642
29414938
23312520
37577581
31801091
38948805
31197139
29195077
33976215
30057203
30784582
31061493
28589937
28978487
25123314
27373835
38948859
21338884
31659341
31095565
26544693
29695795
22131903
31231050
35688832
39813340
33828096
37938769
38849331
38014328
24742459
29233983
21521614
30768592
28350856
29545531
30315166
35140404
25884248
33646119
37205372
33771998
38895253
31839451
39269775
36828820
39576856
31110321
33621481
29478858
21245904
38394210
26028119
31225795
28580949
22153373
24811381
26590423
39738207
29322941
30157423
37986870
30231999
27502554
26282514
23185131
24267893
37961473
31337756
27489054
31818368
31748750
30346271
24348200
23889933
20850015
35545085
26291159
30744969
29116083
21220098
35090590
26637800
38045425
20386724
37873285
31278365
33789100
21151882
38352559
38877037
20620870
29348419
25130366
34321459
32084403
31641138
37214810
30315165
31672963
32494708
32413305
31492856
29166604
28432786
31130457
30266909
27083044
28889974
28045048
26928065
37488133
26948892
30733440
35140224
29058674
29555017
38585927
39548088
35443165
38045306
36711627
39229077
28041882
26258683
39511225
30661802
31644916
25811491
27161526
28561736
30230472
25619655
36865119
29765022
37034654
38798663
37873262
36170367
25738228
35197635
27302750
30546012
25942453
29467404
28796202
30899013
35140397
30590040
26833246
29107518
30713106
32358559
30001323
22794263
31241464
37205514
36824896
21435557
28747622
37552985
37225688
36778426
27210550
37236992
24492843
28552314
26510564
35914532
35044823
23583112
31221956
38464270
26812546
35672307
36821439
34285221
37919278
28802042
28604684
33177231
31383864
34710349
32704542
29779874
39868090
21695114
39763933
29097652
25649823
25961791
37696814
36897069
24523662
36750572
32165611
23226106
29473541
29949763
25333796
35853455
21145008
35977547
32142703
32107390
32163406
30220510
38565846
37390217
20386726
26926907
31346296
37292867
38168196
37502901
24679535
29123099
21183078
39358526
30952860
34404776
39416181
31537787
32483184
37034595
24559676
29140243
32103180
31327720
29995860
34088660
39484527
39037919
27780048
33479240
29672507
32910893
39814708
30778062
30131568
29299997
37090512
28065412
29035200
31141679
33504795
30807568
28712652
33051001
38766072
38559164
32350270
25369313
32184397
37436892
36821442
33264620
34767445
39908371
38712128
39975067
39642217
38798458
29225023
28489528
25511299
39919181
29307711
24339749
28492240
34748544
37352854
29153328
37838791
32541798
30867415
39282352
34610272
37291115
39484479
37453418
24960360
27924813
31768056
30232002
25232965
29959322
37935667
28652571
34230464
28887878
32471994
35294865
33963192
35589695
26568316
26263051
37546820
29311743
34226544
25291190
27213519
32094345
31180318
36206333
31748749
28827667
34259633
37717212
36306348
37923712
36240772
39975213
34670114
31668619
30858374
37248218
32198364
37904986
38766255
37783895
38270577
30503644
25988807
25268747
36104353
27373836
20434999
25285447
32937130
36610393
33177090
31226244
31651397
37880372
30467080
37745588
37066363
37873086
36180430
34599173
30737382
32188943
30655415
20869592
29180766
37066182
38712245
24714498
30080851
35918358
38915608
35087041
25241929
25124674
37100911
32386535
38352473
33463521
29593252
33602917
37923719
35973432
22884370
34174209
35723254
39576867
28829040
32494751
31287057
30344041
37905056
38645010
26760213
34452914
31687928
29317624
34753925
30380410
37566655
38559111
29367627
23471010
26879809
30479273
35349791
30332645
31811118
37845214
39047090
32142695
27929117
39314406
36824930
28343865
34290404
20957184
30393038
34358443
39829863
34061730
37461625
31679932
25485755
37217484
38263460
29551411
36580075
24327558
35675410
22679392
36931278
31028268
27218450
36048712
40027688
33149115
37855833
34737284
20485487
35523813
39621615
33268800
31264962
38351056
33608547
27145127
31801087
33828296
30293823
31928878
32142409
34499851
33837088
28525754
31170139
39747204
35767611
39149256
39131342
30142146
36450803
37864792
28677678
36008386
31810837
34253734
29249285
30415997
39142287
30711355
30015618
33053340
39468043
35170431
34860826
33833234
36129180
39868125
32243853
28394252
39127721
32385244
29424688
36030267
28806173
36711768
28772119
31101394
25533959
33238155
31628317
31810838
39005309
34910905
29943729
33620313
26880560
32640222
31928876
24643294
32792512
36288718
39455560
32955431
28665270
24766812
30482693
28215558
37443364
37535068
28669757
35672419
27268300
34677122
26208339
34795295
30007419
28264763
39025931
33649340
30653496
33599608
39747032
33113367
39282336
25285448
39642051
31167138
34111404
32875108
25275323
30794535
39416046
33065003
34705495
32619476
35303418
35385751
28441450
28858617
36870055
32929244
27612383
37751469
38795342
22794259
27093619
32319425
38548759
37821705
30981533
30624205
34914905
29576455
38370610
26319354
30759083
38559104
36344699
30380425
38782979
38086419
38293071
33438579
27441388
27845621
24360281
26512889
32442464
32619479
29909983
33893307
27654876
35621267
25117490
39198656
30737130
34697455
38839958
36670122
30417089
27145030
31067455
35303417
38637532
33084567
29549237
25764303
30136927
30080137
38076786
29983326
34039988
30571694
37808762
31806491
25259927
31786014
31495585
32169171
30683545
39358519
32955441
36130510
37750673
34358444
31928874
25497433
31616000
24618901
30057309
31754102
28414717
27160913
36790930
35504872
39386724
32314736
34499028
38915533
30943415
28384479
38114457
26812143
27058168
29657118
27976997
34887421
35263579
36701299
31613223
39480704
26880545
29231818
34782793
39875414
34613972
39257829
39385031
29395908
30157422
31629603
37201520
32433963
34551316
34545088
38746182
37585529
40060520
32289250
32755582
39375335
33657409
29673482
28132832
31300277
29537369
35611959
32228858
36599984
34089646
40027761
26186094
27331610
25358089
34324832
30893602
36528025
39567699
36130601
33915110
30714906
26176594
37961558
37217726
33909998
23468593
27873574
39191750
38293177
36890170
25546307
33664271
25139953
40060586
37079499
37236183
28871963
35857503
37291089
25955970
39358524
28095293
30245010
32640231
28327288
27936378
28406397
38079457
35301315
21784243
35017509
29706545
34158506
33257684
31613218
40038269
30801246
32202500
37398440
38972924
37582366
24781186
33230320
29345616
33724180
38645269
33596422
37961323
30415994
39622834
39487148
28502772
31246996
38381836
37024503
34234348
38060294
32391795
38895426
38478582
38766017
39261740
32022690
36701232
37873314
33116314
34019822
35388222
39761321
28823729
38905123
37379333
37225999
32380032
24939987
30948249
30318147
30070205
25487989
31484077
29373831
39868256
35072625
34637749
39660835
25512254
26390382
36800417
34870595
28332980
37873160
36450986
32132713
37326496
37880370
34852239
39353950
37934726
32539934
37502991
30355484
31251174
32330421
27855059
34433052
26167652
35941114
38902233
28079523
29910074
39255192
39010741
23040808
36688373
28829740
39638801
33296670
27656903
23630454
25945916
37167060
29611807
35081332
36708710
34085929
31012844
36070776
32663220
39358527
20668662
27494275
36543773
31674908
38424324
28893376
34107302
29429938
31471123
38712267
38948698
37847673
37166114
38271216
28285823
33514540
31815670
38755272
38869942
36130523
29620520
30638447
39739530
34331859
36641750
33508219
39883595
32203499
32269334
36976249
38903116
36352224
33290404
38712226
31322499
24755286
26573957
33674589
38824133
33186550
39314422
39556592
31587919
30422113
39824813
29749931
37205703
32619485
33284108
25313867
34713802
31584428
38316749
31585809
33382967
29035202
27343351
31811140
23326642
27780045
39869640
30471993
39419973
27011354
34115980
39630079
30694180
30819546
28164781
39345476
37296101
28072389
29116043
29231171
39147786
29528286
36398882
29630591
28784204
29863472
29149607
33949306
37310911
34079126
31412248
37948524
33149298
33618800
28463109
37577480
32463838
36862736
37310871
39159312
36087584
39213032
30794154
39803545
39747038
38659800
30973325
30117804
29251595
37590319
31564492
31184585
37398350
35797998
38683880
39607760
35778382
28485711
36070701
29909998
33378642
39358517
34015253
26046297
30244885
37267107
25139955
35793679
35051377
37092974
35229720
33124981
37904921
25569156
35263247
39198658
37873323
33104689
36893230
39358520
34382936
30706848
27223326
34312384
30601119
31329099
37884581
38212312
39352884
38326621
35525243
37547019
27501441
28322724
30726702
34101577
32073402
26308581
33739284
38360946
34912123
27743477
30526854
26083710
35195064
28742022
37745567
39990408
30526852
30467079
28943231
37188705
25970035
36178469
33155978
29629869
36946697
36959417
38411140
36004721
35037620
35767953
34191802
38655926
39073076
27525480
32255428
31474539
35476987
26880554
36711745
26987017
38658537
38391176
34032568
31579823
36711843
27177418
32822613
30694174
38193543
37644052
31825313
25824290
37368474
32216875
32163402
30912745
37140181
33021199
33300870
27572257
32497004
39484569
28500755
33140723
31564592
35613619
29944118
30526850
28355134
29565247
33400916
28035903
32324135
30124430
34610319
31821146
28211791
28005005
31746739
30109983
26422512
30480547
38569007
30714901
33079061
37732734
29165248
35508172
30719975
34592148
30091705
27914199
25742603
36476387
37551094
34964712
34517941
33973523
35073257
34964714
33120017
39977429
25310239
37278291
32427101
30475209
38839968
36173939
37407812
37767892
31502540
34085637
27751233
31751545
33852844
28489002
34515635
25201875
32057294
32602834
38664401
30540251
32255422
35139358
32286225
39038490
37425937
39883485
35993544
36948206
39291956
39255019
35353036
38193901
31271353
32628110
26714106
34018925
33241994
38814703
35880860
31545163
29909982
24898855
34099654
25564731
36645408
37698486
36286237
35356892
35735904
31786064
37458420
36719183
38079206
36269226
36469518
36820523
34779396
31403399
26975248
30028294
37750868
34936550
28895532
37133250
27077948
30576281
35254258
38826435
26439011
28825401
39270641
34450024
32840209
36201241
32996461
35791902
26193122
26575288
29504935
28606304
31513013
35023828
31805038
38778103
32894223
35868321
33103999
39042447
38869055
37318123
33689682
35522036
38077032
31180325
33463526
38168206
39137170
39052321
31955847
38645138
30672465
31868582
33385325
36094172
25392983
33482083
33667157
34236312
31215865
35801638
32589143
37673068
36346220
37577520
30355446
34473057
33427646
39364747
28632130
32916090
39692597
37562405
33666170
28530904
36300621
31597093
24737859
31205005
38603542
31318331
31348003
28984573
28561738
32250733
30344115
30176986
37236194
37906092
31353220
36200757
38619103
38076905
35575460
29671739
31692445
39190452
34002696
38895414
38180023
35833625
39358525
29513217
30382940
27770569
39475475
29393045
39358518
33616529
31570119
30688651
30100184
32234212
31674911
33533718
34859782
37862379
37910019
36798384
31934860
36821351
33890854
39882849
31230716
39314281
36692262
37345829
38370619
31169499
38326612
31647894
34596529
33729157
31025939
36259536
31313987
26344548
35766361
33241995
32423529
38573740
38686992
38289659
29485401
35963239
39177028
26274777
34723792
36223339
32628112
36286408
27845623
32463364
30307393
34523418
37904997
38559190
31663851
34003117
38996528
35285796
26990779
30620334
39621014
37873436
35081110
37184218
33305734
36448675
39550360
32343229
40060423
39240259
31934858
31702556
31398343
28211790
28742018
31112127
33616528
39475218
32745077
35170428
29303480
32955437
35796533
37536338
29256861
38727722
31535971
35985322
36951889
33666172
37178687
36827984
31724947
33843588
35416769
35723253
32286229
30033368
37039476
29227247
30920370
27183005
32066523
37014060
32286230
29989549
33238137
33871358
35324425
34550070
37195027
30465650
33263281
37683635
32314735
32442466
35191376
34423777
39878318
37486945
33620318
32681825
37309249
36975203
