32894223
25199830
34282017
39038490
33770490
30057309
24107996
36094172
31757972
32255428
26216041
24684937
38076786
32433963
29943729
36286408
39159312
38712267
28943231
20471351
28165325
33053340
38839968
37267358
24746814
32916090
32314736
24055154
33667373
35353036
37904921
28489002
38765964
23217741
38826334
38014328
27077948
39814708
28871963
26919434
31651397
30694180
34352215
24268416
39642217
36931278
33980485
32619485
30706848
23666178
29555017
31628310
29909982
36352224
29255026
26494171
25171415
31488722
30526850
35087041
35263128
23055825
32314735
27050508
22794255
31754102
30853438
31056390
22679392
34230464
34737278
25739506
21283833
33523916
35833625
37163061
23332748
37428907
38948859
31687928
26573957
33079061
29467404
25291190
38979352
39548088
26844831
35195064
